76201
68165
65789
52266
92884
83479
123210
84495
74508
92557
50079
76265
58358
50999
66211
83412
95792
68522
91614
89980
54945
88900
88307
55685
87763
70450
50475
72114
83668
52635
143496
82710
56630
93757
76580
65037
68856
77139
55985
72227
86055
55113
95163
92090
55297
60618
70907
51604
91436
67883
57334
51719
82177
67212
125395
92862
67343
84575
75771
64783
75289
72597
55515
80586
101053
77896
64912
101155
87701
55299
82291
70286
79837
90181
76115
76016
80062
61067
90051
106321
78848
97069
58979
95274
93756
91279
94636
87401
127048
144915
137086
207839
290356
161254
213927
201360
174672
206949
191687
168428
207591
211318
173160
244639
207429
213227
194325
169370
165053
215684
352505
187654
162600
219257
218321
177283
204938
196715
168083
177223
213675
182177
197426
140682
176292
261262
178941
154425
159965
165149
131641
356139
682596
160156
212196
157137
220287
171344
160864
192147
138921
91815
164913
136800
118545
194538
155791
96384
129367
153865
139493
192877
269473
150409
187797
250784
195438
168232
148004
495019
245746
270966
220200
246961
246394
265367
170450
2764768935
20220642004
19240288229
1100229
139387
198119
6882658746
20372770211
203203
171457
158229
139683
186865
230259
175051
305980
150588
342297
145977
141803
189483
142430
181049
141853
175569
162695
160991
179697
129394
135288
189870
177476
175272
145048
149852
184236
133094
170110
118281
116184
162142
366907
123407
111938
85844
142700
86123
92359
90333
85487
99684
128034
80956
80462
95664
80644
75113
110902
100696
89968
131045
89862
75301
72359
130689
239021
93950
108514
66393
98877
86558
95458
53972
82481
133269
59912
63185
91616
64712
65908
83732
64240
82641
82360
71898
67417
58761
79869
76160
225770
98145
76232
47252
67676
61772
56782
82866
83775
78830
47203
87271
52636
50327
84591
59095
62286
85451
81544
56582
70784
98305
44825
70509
189447
113935
53654
68322
80956
49856
51408
88291
