242
213
225
187
263
216
336
254
228
281
185
243
192
185
205
250
265
227
264
267
207
242
270
204
270
225
182
231
267
190
367
265
205
288
232
217
256
243
200
239
265
198
302
266
197
215
251
193
280
225
197
202
248
223
339
291
200
237
255
222
222
221
196
267
320
264
221
305
270
194
291
233
246
292
317
287
274
204
344
338
263
290
201
308
327
318
361
356
393
510
494
610
945
590
695
690
603
701
662
603
735
675
656
814
723
760
694
637
581
793
978
618
667
763
794
719
775
700
714
743
814
732
745
611
687
800
652
568
595
616
486
1070
1709
567
688
611
783
568
586
633
524
368
580
548
452
633
561
384
468
553
564
731
889
585
832
895
731
671
579
1266
865
897
854
979
782
836
712
2253887
16476485
15666900
3261
543
701
5595840
16543747
676
718
634
571
744
919
727
1057
648
930
510
591
653
604
679
543
653
614
551
687
515
560
753
620
645
555
495
696
500
568
439
420
562
1101
419
413
285
452
370
329
326
328
394
403
309
354
328
286
272
410
328
336
417
329
269
248
411
604
318
322
275
264
317
315
212
299
398
250
230
296
220
246
319
243
264
294
245
242
210
264
242
551
275
272
198
200
225
230
268
259
232
194
275
213
178
269
204
212
260
269
215
265
285
166
245
495
293
201
230
265
187
179
271
