178
156
167
132
172
171
195
165
140
169
144
158
144
148
138
162
158
146
173
180
156
184
179
138
185
154
141
156
194
134
212
186
157
182
143
165
186
163
141
163
179
144
197
172
143
150
176
141
199
171
134
131
164
164
216
171
133
138
186
153
163
151
139
184
217
173
152
201
186
145
228
157
177
208
264
227
184
147
263
194
184
181
146
254
257
243
276
300
260
393
406
426
832
503
619
592
501
606
610
497
634
588
567
621
631
634
593
566
500
703
589
465
585
643
682
632
683
592
648
660
644
632
635
532
620
710
576
501
516
549
402
744
878
482
621
509
650
421
536
462
441
321
491
483
369
522
484
329
402
429
471
615
749
492
754
758
649
587
493
993
644
741
733
829
697
715
614
52435
65535
65534
3070
486
598
64234
65535
576
639
561
495
634
819
646
945
543
603
392
518
547
483
567
478
559
538
458
596
422
506
672
513
590
481
377
621
429
491
334
364
469
703
303
354
209
340
306
268
253
281
314
294
249
286
231
218
206
304
221
262
325
253
202
179
299
313
218
220
229
193
239
247
165
244
324
198
175
207
172
184
225
197
173
232
176
178
153
194
169
270
170
197
169
140
157
186
225
168
184
162
180
168
140
178
145
149
171
192
148
193
182
126
179
245
166
152
168
174
141
132
179
