19
17
14
13
19
14
15
18
10
16
15
14
14
17
12
17
13
16
13
15
16
23
18
18
18
13
16
16
16
12
16
13
20
20
12
14
16
15
13
16
17
14
16
16
14
15
16
10
19
15
13
13
15
13
19
18
15
8
21
12
16
17
9
14
20
22
14
18
17
18
17
14
20
22
27
19
13
16
22
18
15
16
14
31
25
20
24
30
22
26
31
32
37
40
40
43
28
44
43
41
33
40
32
37
40
44
35
46
35
41
35
32
44
41
50
36
48
35
40
41
36
36
43
35
44
51
51
40
37
43
33
46
49
37
38
42
45
36
46
36
47
26
46
39
29
40
39
28
37
35
39
45
52
43
40
47
44
47
34
58
43
57
51
41
66
49
44
3418
3507
3481
101
40
45
3438
3524
57
48
49
43
48
47
49
58
41
38
28
29
35
33
50
36
40
42
34
40
35
41
47
38
47
41
29
46
36
42
30
33
35
33
21
34
19
30
26
25
24
28
22
32
29
24
21
26
20
23
19
20
32
20
24
14
29
26
22
18
18
20
24
25
15
23
27
19
15
22
21
20
24
25
18
28
16
16
14
19
21
17
18
19
27
14
22
21
31
19
21
20
19
20
15
21
16
16
16
21
19
25
17
13
20
14
16
17
17
18
16
18
17
