3283
8235
17974
9580
4700
13421
2441
3012
3919
2018
2384
2418
2442
2019
4468
3783
1777
1861
1729
2174
2848
1842
1988
2084
2782
1524
1536
1781
1617
2228
2458
1851
1758
1546
2039
2107
2734
3263
3406
2875
3181
2006
2276
3576
1186
1821
1485
1715
3300
3394
3500
3999
3075
3131
3334
3591
3563
3163
3056
3865
2814
3554
3717
4497
4506
3866
3833
4347
5116
3422
3494
3796
4055
3713
3280
3755
3396
3559
3409
3504
3046
2818
3376
3159
3241
3511
3249
2851
3526
6010
3707
3720
4009
5866
3812
3315
3666
4047
4384
5065
6223
5636
5565
4705
3730
3324
3844
43582
48189
5095
6807
4131
5728
52302
34080
4900
4025
3874
3937
3406
5087
3799
5385
3699
6099
6544
8694
10989
7301
6331
4665
6018
20519
39998
10045
5293
25828
557238
532977
385983
386190
223011
283378
387877
529396
539282
596588
501921
583473
705854
475906
313149
36834
9872
85399
414313
54114
4946
3074
129655
156150
6727
90592
210251
357896
498780
514838
2904457
17352040
16550850
60688769
410153
151940
5925175
17501972
79349
54362
54408
20421
48904
32998
7847
8478
8582
5913
4751
5002
4798
4614
5186
4949
5868
4333
4240
4542
4681
4436
4285
4127
4103
4122
3905
4143
3809
3827
4071
3529
3752
4430
5810
4963
5764
7174
5620
6429
6952
9271
14004
4847
5793
12087
25345
28095
28538
26693
28216
34495
35781
33427
27278
86538
102644
105069
115038
110803
98749
104932
111668
104771
112369
118392
170961
88381
105785
91115
88014
99781
90637
84227
28942
41234
32650
14265
5225
5504
4548
4556
7223
8456
5010
4805
7769
4750
4716
2084
1232
1188
3562
1584
2155
1394
1590
1747
1391
2504
1621
2141
2917
4927
3109
3994
1363
1235
2948
6115
1723
1202
1210
