366749
6713403
12524122
6816307
3507643
6774546
323991
1400432
372095
252110
229121
388081
239904
253933
387127
346214
222918
310742
269313
279280
345530
245559
219445
274709
382999
174026
176456
215588
198477
298095
411151
206205
181924
213791
245672
229820
319380
261515
267787
280826
353196
200668
330039
263299
141853
226491
193913
175902
551238
438452
443024
526966
428771
417425
502699
536195
500004
450563
415298
512242
449808
529011
526835
610684
634340
562788
563148
715110
692976
479259
500335
514029
582163
600776
444570
470880
456434
498370
452851
530606
484227
417309
460960
461006
430498
506647
484228
402185
508538
653269
466148
589519
695687
729828
549695
494957
521675
605079
623057
547977
642331
616442
571681
633319
614214
523174
540993
51828266
56837824
664144
852006
547051
2290652
58009004
38024397
575389
578209
561088
474587
458247
704799
548851
649694
460391
561428
3156944
6839087
10091795
4996427
2425889
535874
809232
1919166
2470338
900741
652379
30168324
772118959
644399719
439496650
340090376
235875931
283678755
323983242
487854774
435087692
487971931
506052032
509427852
488950214
399013685
366847905
44709774
1288624
115674371
588711157
67026927
1358113
478155
178221462
208862251
697478
109740059
267191868
487157704
696472345
731897308
3625326381
21120586278
20145596672
28346281998
575205152
208519485
7244197031
21363955965
103460702
70138334
69671514
20422335
62261321
37121666
2617605
3491943
3318397
860601
479350
495309
550195
497962
614624
620174
603935
474333
490171
547364
501635
497895
461400
483648
474875
469458
497247
520454
426879
442745
479338
377412
450265
684812
2977224
1785427
2606586
5027131
4155749
5617447
6357949
7789450
10450548
2769721
4116383
7343388
24180361
28402424
26405970
26906465
23006524
29462502
34148761
33260781
22482809
115217178
136266627
130734565
135615522
132183809
126375343
130171783
130706601
121201883
122035426
134732045
220288340
111957942
124644010
117720259
113862737
125833630
122830696
112573270
8284882
11758280
10588842
7400416
2863096
5132249
4211116
3897249
8230206
7038043
4811929
5041624
5346046
3011803
2808844
1314461
180857
150036
282812
195635
245473
216065
211020
241378
231085
336838
178132
227561
289792
346439
271813
1618756
234928
167968
2675933
6937603
353394
171390
196232
