204972
29754
65550
50616
150879
130986
125292
113048
117243
114955
112023
72213
144826
92540
115411
94078
79197
15653
79004
96919
101414
167599
147388
129140
78785
27770
14083
9578
14147
15213
11652
12641
20275
10836
4332
10545
48849
16758
57057
133494
59565
16302
16878
31236
55623
25650
6498
8664
6498
3249
2166
6498
15162
7581
11277
6498
7581
8664
10909
17955
8208
4275
16365
18297
17955
58140
7182
7581
10830
12312
9747
14079
7869
38403
9747
22857
18354
18464
12996
4468
8664
10909
6498
5415
30609
14158
8664
6608
9918
6612
5415
11229
12084
13395
9747
6711
15247
11286
4275
8778
5472
11099
7581
20121
25076
7353
15276
4560
32523
22518
14136
12084
17442
7638
8721
8265
64353
10593
38646
78318
230223
11001
11014
17157
14075
101289
7752
6882
8550
7737
8094
91143
11781
10054
10944
4332
12996
6669
6555
7698
1110571
277247081
1484871206
1922647783
437543520
16644
6555
7638
23826
12996
12105
12141
7691
7011
7638
17898
8538
9975
12141
49419
14478
13851
22059
98207
23028
26391
17385
10878
32874
9576
3534
9519
18376
20181
5468
14307
55521
65151
29583
3477
5871
0
4161
16188
0
456
744
34272
2451
0
0
456
6954
11400
10260
4788
13908
8550
803
102
3192
5073
5472
114057
202293
741
5472
18810
1596
684
2337
20428
12141
912
1250
5529
3306
37107
42807
1539
135546
3534
1017
30042
69369
29640
65550
18183
41891
64980
16583
7410
1482
7923
15504
66576
232389
145350
50388
41838
82707
198702
202413
37904
51287
25821
58884
53865
76323
170034
57171
4959
101916
21888
57057
78245
116162
3135
8037
79173
3648
153315
64866
23313
35073
1086
62472
80370
7296
340635
14877
187530
59283
31692
179358
2736
95304
3648
6270
19785
93254
9120
1596
65204
110
14649
969
