3434
342
1024
816
2485
2082
2090
1808
1870
1734
1805
1134
2313
1284
1781
1460
1223
28
1112
1448
1596
2706
2306
2055
1181
232
30
20
29
26
26
30
38
22
4
23
677
60
839
2162
865
34
133
404
742
198
6
8
6
3
2
6
14
7
19
6
7
8
11
63
18
21
197
123
153
822
18
7
10
54
9
13
13
619
9
257
142
180
12
6
8
11
6
5
353
32
8
8
12
8
5
71
122
91
9
9
15
18
21
10
6
13
7
101
134
57
16
8
77
54
14
14
18
8
9
55
1003
42
570
1212
3823
13
85
49
67
1705
46
12
42
9
16
1473
45
32
66
22
12
9
7
9
904
263706
1220920
1579830
359180
40
7
8
220
30
15
33
27
15
8
98
24
13
51
795
56
117
279
1561
296
301
125
11
432
42
26
23
196
192
24
71
812
1053
393
25
13
0
73
284
0
8
13
601
43
0
0
8
122
200
180
84
244
150
14
2
56
89
96
2001
3549
13
96
330
28
12
41
358
213
16
22
97
58
651
751
27
2378
62
18
527
1217
520
1150
319
735
1140
291
130
26
139
272
1168
4077
2550
884
734
1451
3486
3551
665
899
453
1033
945
1339
2983
1003
87
1788
384
1001
1372
2038
55
141
1389
64
2689
1138
409
614
19
1096
1410
128
5976
261
3290
1040
556
1763
48
1672
64
110
347
1636
160
28
1144
2
257
17
